p 3
724.25 1176.25 145.00
736.75 1159.75 145.00
724.25 1176.25 145.00
p 3
694.50 1150.00 141.00
699.00 1136.20 141.00
694.50 1150.00 141.00
p 3
678.00 1162.25 149.00
688.25 1140.75 149.00
678.00 1162.25 149.00
p 3
671.25 1158.75 143.00
658.20 1151.80 143.00
671.25 1158.75 143.00
p 3
657.75 1165.50 150.00
678.50 1166.25 150.00
657.75 1165.50 150.00
p 3
719.50 1099.50 139.00
686.00 1114.50 139.00
719.50 1099.50 139.00
p 3
749.60 1122.60 128.00
729.00 1103.50 128.00
749.60 1122.60 128.00
p 3
729.50 1140.13 134.00
722.00 1102.00 134.00
729.50 1140.13 134.00
p 3
777.00 1183.20 134.00
759.60 1154.00 134.00
777.00 1183.20 134.00
p 3
729.75 1184.00 123.00
734.75 1172.50 123.00
729.75 1184.00 123.00
p 3
722.60 1227.40 115.00
705.60 1218.20 115.00
722.60 1227.40 115.00
p 3
681.20 1237.20 105.00
668.33 1248.33 105.00
681.20 1237.20 105.00
p 3
802.60 1282.80 88.00
797.60 1268.00 88.00
802.60 1282.80 88.00
p 3
836.80 1233.20 78.00
820.80 1252.00 78.00
836.80 1233.20 78.00
p 3
846.67 1329.00 83.00
814.00 1313.33 83.00
846.67 1329.00 83.00
p 3
832.33 1326.67 73.00
822.33 1347.67 73.00
832.33 1326.67 73.00
p 3
564.33 1051.33 110.00
547.00 1014.00 110.00
564.33 1051.33 110.00
p 3
562.75 1052.50 126.00
506.00 981.67 126.00
562.75 1052.50 126.00
p 3
498.25 1125.75 129.00
487.00 1085.67 129.00
498.25 1125.75 129.00
p 3
443.25 1016.00 119.00
451.00 1052.00 119.00
443.25 1016.00 119.00
p 3
599.67 1126.00 107.00
571.33 1085.00 107.00
599.67 1126.00 107.00
p 3
596.00 1123.88 117.00
577.63 1081.63 117.00
596.00 1123.88 117.00
p 3
572.60 1134.00 125.00
570.80 1084.20 125.00
572.60 1134.00 125.00
p 3
655.75 1193.75 135.00
639.25 1176.00 135.00
655.75 1193.75 135.00
p 3
657.20 1254.80 127.00
677.20 1236.00 127.00
657.20 1254.80 127.00
p 3
657.40 1261.40 116.00
686.00 1241.40 116.00
657.40 1261.40 116.00
p 3
641.40 1177.20 137.00
654.20 1137.20 137.00
641.40 1177.20 137.00
p 3
851.50 1208.25 94.00
872.75 1199.00 94.00
851.50 1208.25 94.00
p 3
751.50 1266.25 146.00
753.50 1252.75 146.00
751.50 1266.25 146.00
p 3
784.25 1254.75 168.00
750.25 1194.50 168.00
784.25 1254.75 168.00
p 3
752.88 1216.25 150.00
767.88 1207.50 150.00
752.88 1216.25 150.00
p 3
956.50 1097.83 104.00
978.17 1072.33 104.00
956.50 1097.83 104.00
p 3
908.60 1113.20 101.00
895.20 1098.80 101.00
908.60 1113.20 101.00
p 3
987.00 1192.60 93.00
996.00 1170.80 93.00
987.00 1192.60 93.00
p 3
981.75 1174.50 81.00
988.08 1162.75 81.00
981.75 1174.50 81.00
p 3
964.33 1161.00 111.00
986.20 1164.20 111.00
964.33 1161.00 111.00
p 3
974.60 1247.20 135.00
988.80 1231.80 135.00
974.60 1247.20 135.00
p 3
541.13 1074.38 152.00
544.88 1044.63 152.00
541.13 1074.38 152.00
p 3
541.88 1075.50 146.00
551.25 1062.25 146.00
541.88 1075.50 146.00
p 3
497.63 1069.50 136.00
490.25 1039.75 136.00
497.63 1069.50 136.00
p 3
484.25 1154.38 141.00
448.00 1189.00 141.00
484.25 1154.38 141.00
p 3
513.88 1173.50 130.00
490.88 1163.50 130.00
513.88 1173.50 130.00
p 3
541.25 1198.25 103.00
562.00 1187.63 103.00
541.25 1198.25 103.00
p 3
549.75 1142.13 103.00
529.25 1087.25 103.00
549.75 1142.13 103.00
scatter
s 410.50 1130.75 115.00
s 457.80 1075.00 106.00
p 3
661.80 1268.40 126.00
705.67 1278.83 126.00
661.80 1268.40 126.00
p 3
812.33 1220.00 78.00
828.83 1215.33 78.00
812.33 1220.00 78.00
p 3
883.00 1215.00 77.00
880.33 1229.67 77.00
883.00 1215.00 77.00
p 3
855.20 1205.20 77.00
870.40 1194.20 77.00
855.20 1205.20 77.00
p 3
745.00 1174.80 105.00
749.40 1145.40 105.00
745.00 1174.80 105.00
p 3
736.80 1290.40 93.00
771.60 1261.60 93.00
736.80 1290.40 93.00
p 3
811.13 1268.88 68.00
828.13 1264.50 68.00
811.13 1268.88 68.00
p 3
692.80 1278.60 150.00
703.20 1299.80 150.00
692.80 1278.60 150.00
p 3
710.56 1295.06 153.00
729.75 1280.94 153.00
710.56 1295.06 153.00
p 3
861.63 1212.88 84.00
876.00 1209.50 84.00
861.63 1212.88 84.00
p 3
716.60 769.40 96.00
726.00 737.40 96.00
716.60 769.40 96.00
p 3
685.60 765.00 92.00
680.00 742.40 92.00
685.60 765.00 92.00
scatter
s 657.60 746.00 90.00
s 663.40 767.30 93.00
p 3
731.40 777.20 101.00
764.00 747.60 101.00
731.40 777.20 101.00
p 3
697.50 762.00 107.00
697.30 737.90 107.00
697.50 762.00 107.00
p 3
711.60 790.40 116.00
780.40 754.60 116.00
711.60 790.40 116.00
p 3
751.80 1129.80 124.00
756.80 1114.40 124.00
751.80 1129.80 124.00
p 3
755.40 1114.20 124.00
744.33 1101.00 124.00
755.40 1114.20 124.00
p 3
759.58 1114.08 124.00
781.83 1104.75 124.00
759.58 1114.08 124.00
p 3
776.13 1096.88 126.00
753.38 1087.38 126.00
776.13 1096.88 126.00
p 3
673.90 1067.40 111.00
710.20 1055.50 111.00
673.90 1067.40 111.00
p 3
720.13 1084.69 107.00
706.13 1063.25 107.00
720.13 1084.69 107.00
p 3
710.00 1081.50 99.00
720.13 1056.88 99.00
710.00 1081.50 99.00
p 3
746.50 1103.25 122.00
750.38 1089.50 122.00
746.50 1103.25 122.00
p 3
751.80 1089.10 123.00
745.20 1075.20 123.00
751.80 1089.10 123.00
p 3
725.90 1084.80 118.00
733.90 1074.80 118.00
725.90 1084.80 118.00
p 3
722.00 1084.40 122.00
719.50 1069.20 122.00
722.00 1084.40 122.00
p 3
715.00 1087.40 121.00
706.70 1072.40 121.00
715.00 1087.40 121.00
p 3
728.70 1070.40 120.00
705.00 1069.60 120.00
728.70 1070.40 120.00
p 3
669.20 1112.00 99.00
709.20 1081.90 99.00
669.20 1112.00 99.00
p 3
645.40 1056.80 98.00
658.90 1039.20 98.00
645.40 1056.80 98.00
p 3
646.60 1064.10 109.00
638.30 1053.50 109.00
646.60 1064.10 109.00
p 3
531.60 1084.40 103.00
546.80 1076.20 103.00
531.60 1084.40 103.00
p 3
539.00 1058.50 101.00
546.70 1044.00 101.00
539.00 1058.50 101.00
scatter
s 543.00 1039.20 101.00
s 526.90 1012.00 98.00
p 3
567.80 1034.40 96.00
557.40 1008.90 96.00
567.80 1034.40 96.00
p 3
562.10 1031.70 99.00
564.70 1028.40 99.00
562.10 1031.70 99.00
p 3
550.25 982.75 89.00
577.50 968.75 89.00
550.25 982.75 89.00
p 3
542.80 1001.80 109.00
606.75 975.42 109.00
542.80 1001.80 109.00
p 3
453.67 1101.83 114.00
475.42 1079.08 114.00
453.67 1101.83 114.00
scatter
s 453.08 1137.92 123.00
s 455.75 1099.33 117.00
p 3
449.33 1144.58 113.00
433.75 1133.42 113.00
449.33 1144.58 113.00
p 3
783.00 799.00 96.00
797.33 777.83 96.00
783.00 799.00 96.00
p 3
818.00 820.33 108.00
807.33 788.17 108.00
818.00 820.33 108.00
p 3
830.88 787.63 130.00
838.38 772.75 130.00
830.88 787.63 130.00
p 3
805.33 802.00 132.00
802.50 776.67 132.00
805.33 802.00 132.00
p 3
818.50 793.17 129.00
805.83 772.50 129.00
818.50 793.17 129.00
p 3
697.50 836.67 141.00
684.00 825.33 141.00
697.50 836.67 141.00
p 3
698.67 782.17 145.00
683.50 768.67 145.00
698.67 782.17 145.00
p 3
697.00 790.50 137.00
680.50 783.33 137.00
697.00 790.50 137.00
p 3
705.67 786.67 137.00
712.00 744.67 137.00
705.67 786.67 137.00
p 3
735.80 776.70 139.00
721.50 747.60 139.00
735.80 776.70 139.00
p 3
642.30 811.00 139.00
652.20 802.10 139.00
642.30 811.00 139.00
p 3
652.00 823.20 134.00
660.20 806.50 134.00
652.00 823.20 134.00
p 3
637.60 819.30 114.00
635.30 788.90 114.00
637.60 819.30 114.00
p 3
606.50 841.80 91.00
603.90 811.90 91.00
606.50 841.80 91.00
p 3
547.90 797.20 82.00
570.10 781.90 82.00
547.90 797.20 82.00
p 3
590.80 782.80 82.00
611.50 766.30 82.00
590.80 782.80 82.00
p 3
515.75 773.50 84.00
551.50 745.50 84.00
515.75 773.50 84.00
p 3
530.33 786.67 82.00
559.40 775.40 82.00
530.33 786.67 82.00
p 3
604.20 742.10 114.00
617.60 750.90 114.00
604.20 742.10 114.00
p 3
821.67 869.00 96.00
815.67 830.33 96.00
821.67 869.00 96.00
p 3
735.70 848.70 88.00
785.90 804.40 88.00
735.70 848.70 88.00
p 3
816.40 829.90 96.00
824.10 805.70 96.00
816.40 829.90 96.00
p 3
814.60 830.40 96.00
789.60 809.10 96.00
814.60 830.40 96.00
p 3
786.10 809.30 96.00
782.25 799.33 96.00
786.10 809.30 96.00
p 3
772.25 808.08 95.00
769.92 797.92 95.00
772.25 808.08 95.00
p 3
773.83 794.92 95.00
778.92 797.50 95.00
773.83 794.92 95.00
p 3
327.75 1003.63 138.00
323.75 1034.00 138.00
327.75 1003.63 138.00
p 3
314.00 1040.75 154.00
330.75 1025.75 154.00
314.00 1040.75 154.00
p 3
315.25 1041.50 164.00
320.00 1027.00 164.00
315.25 1041.50 164.00
p 3
212.00 1033.25 145.00
192.33 989.17 145.00
212.00 1033.25 145.00
p 3
226.00 1010.50 144.00
204.75 1016.25 144.00
226.00 1010.50 144.00
p 3
197.50 1036.50 143.00
202.50 1016.00 143.00
197.50 1036.50 143.00
p 3
168.75 1066.50 162.00
193.75 1046.25 162.00
168.75 1066.50 162.00
p 3
151.50 1063.25 165.00
160.50 1035.00 165.00
151.50 1063.25 165.00
p 3
221.25 1045.13 133.00
249.88 999.38 133.00
221.25 1045.13 133.00
p 3
254.50 997.63 129.00
305.63 988.75 129.00
254.50 997.63 129.00
p 3
166.83 1032.33 114.00
181.33 1004.00 114.00
166.83 1032.33 114.00
p 3
152.67 1026.00 111.00
157.33 1011.50 111.00
152.67 1026.00 111.00
p 3
147.38 1076.50 138.00
193.25 1058.38 138.00
147.38 1076.50 138.00
p 3
601.75 856.25 124.00
608.75 842.00 124.00
601.75 856.25 124.00
p 3
609.83 844.83 123.00
633.00 831.13 123.00
609.83 844.83 123.00
p 3
600.38 818.75 121.00
627.50 814.00 121.00
600.38 818.75 121.00
p 3
544.75 891.75 92.00
548.38 861.25 92.00
544.75 891.75 92.00
p 3
573.88 892.13 92.00
552.88 878.25 92.00
573.88 892.13 92.00
p 3
557.50 909.88 90.00
540.88 896.38 90.00
557.50 909.88 90.00
p 3
396.13 932.38 124.00
390.33 896.83 124.00
396.13 932.38 124.00
p 3
487.63 897.50 114.00
477.50 871.25 114.00
487.63 897.50 114.00
p 3
454.50 926.00 139.00
455.00 917.25 139.00
454.50 926.00 139.00
p 3
445.63 933.63 141.00
429.75 915.00 141.00
445.63 933.63 141.00
p 3
510.25 948.00 127.00
550.75 927.63 127.00
510.25 948.00 127.00
p 3
428.13 918.25 164.00
416.88 896.63 164.00
428.13 918.25 164.00
p 3
346.25 938.50 147.00
338.13 909.25 147.00
346.25 938.50 147.00
p 3
346.33 920.83 132.00
364.17 895.17 132.00
346.33 920.83 132.00
p 3
344.25 942.88 136.00
346.00 921.17 136.00
344.25 942.88 136.00
p 3
351.13 964.63 91.00
360.50 944.13 91.00
351.13 964.63 91.00
p 3
360.25 943.25 91.00
350.50 929.50 91.00
360.25 943.25 91.00
p 3
367.60 919.60 86.00
358.00 893.50 86.00
367.60 919.60 86.00
p 3
368.25 940.50 93.00
368.25 940.50 93.00
368.25 940.50 93.00
p 3
349.50 928.25 89.00
321.00 913.25 89.00
349.50 928.25 89.00
p 3
352.38 928.88 91.00
366.30 923.80 91.00
352.38 928.88 91.00
p 3
315.60 923.20 149.00
332.00 908.70 149.00
315.60 923.20 149.00
p 3
481.25 854.25 157.00
523.75 832.50 157.00
481.25 854.25 157.00
p 3
613.25 803.00 149.00
602.38 784.00 149.00
613.25 803.00 149.00
p 3
599.88 784.13 150.00
612.25 769.50 150.00
599.88 784.13 150.00
p 3
595.33 835.50 157.00
595.33 811.33 157.00
595.33 835.50 157.00
p 3
553.75 821.50 154.00
580.25 835.50 154.00
553.75 821.50 154.00
p 3
461.13 827.63 146.00
462.88 802.13 146.00
461.13 827.63 146.00
p 3
518.50 816.38 140.00
506.63 792.50 140.00
518.50 816.38 140.00
p 3
509.10 818.10 134.00
507.10 794.60 134.00
509.10 818.10 134.00
p 3
600.00 784.50 152.00
576.00 777.25 152.00
600.00 784.50 152.00
p 3
946.50 801.25 113.00
957.50 757.75 113.00
946.50 801.25 113.00
p 3
968.38 810.50 125.00
974.33 754.00 125.00
968.38 810.50 125.00
p 3
889.63 813.63 104.00
897.00 795.00 104.00
889.63 813.63 104.00
p 3
899.50 831.00 107.00
929.63 817.88 107.00
899.50 831.00 107.00
p 3
894.00 848.75 105.00
890.00 812.13 105.00
894.00 848.75 105.00
p 3
885.00 812.63 103.00
855.63 804.88 103.00
885.00 812.63 103.00
p 3
901.00 787.38 105.00
912.50 754.33 105.00
901.00 787.38 105.00
p 3
915.33 825.00 85.00
917.67 808.00 85.00
915.33 825.00 85.00
scatter
s 891.17 783.83 104.00
s 867.50 765.50 108.00
p 3
921.50 816.90 103.00
903.50 793.10 103.00
921.50 816.90 103.00
p 3
689.13 893.13 99.00
693.25 878.25 99.00
689.13 893.13 99.00
p 3
692.50 881.13 98.00
725.38 868.25 98.00
692.50 881.13 98.00
p 3
693.80 880.00 97.00
663.20 855.00 97.00
693.80 880.00 97.00
p 3
666.70 884.10 118.00
664.30 870.20 118.00
666.70 884.10 118.00
p 3
748.90 889.00 118.00
749.10 877.80 118.00
748.90 889.00 118.00
p 3
733.00 894.50 117.00
720.00 882.80 117.00
733.00 894.50 117.00
p 3
710.17 910.17 97.00
729.83 891.33 97.00
710.17 910.17 97.00
p 3
739.20 910.20 100.00
738.70 898.10 100.00
739.20 910.20 100.00
p 3
729.50 1047.00 119.00
728.25 1021.00 119.00
729.50 1047.00 119.00
p 3
674.17 1062.50 106.00
702.67 1062.00 106.00
674.17 1062.50 106.00
p 3
705.38 991.63 114.00
699.38 966.38 114.00
705.38 991.63 114.00
scatter
s 740.10 1036.80 100.00
s 727.90 1002.90 102.00
p 3
728.33 1021.67 125.00
717.33 1009.33 125.00
728.33 1021.67 125.00
p 3
717.00 1008.00 123.00
725.13 987.88 123.00
717.00 1008.00 123.00
p 3
725.00 989.50 125.00
716.25 970.63 125.00
725.00 989.50 125.00
scatter
s 716.33 1009.00 126.00
s 689.88 1025.13 129.00
p 3
763.00 1041.25 120.00
762.38 1011.50 120.00
763.00 1041.25 120.00
p 3
677.13 1095.50 95.00
645.63 1072.88 90.00
677.13 1095.50 95.00
scatter
s 753.88 1121.25 94.00
s 748.88 1095.00 99.00
p 3
780.58 1108.83 99.00
770.58 1091.17 99.00
780.58 1108.83 99.00
scatter
s 821.88 1095.38 100.00
s 831.13 1109.25 97.00
p 3
795.50 1096.13 103.00
802.38 1085.00 103.00
795.50 1096.13 103.00
p 3
802.88 1102.75 98.00
813.75 1090.88 98.00
802.88 1102.75 98.00
p 3
796.88 1139.88 99.00
784.13 1127.50 99.00
796.88 1139.88 99.00
p 3
757.38 1124.75 93.00
778.38 1117.38 93.00
757.38 1124.75 93.00
scatter
s 757.25 1135.88 93.00
s 764.25 1145.13 88.00
p 3
718.80 1108.20 158.00
730.60 1082.80 158.00
718.80 1108.20 158.00
p 3
743.88 1054.13 136.00
745.50 1037.63 136.00
743.88 1054.13 136.00
scatter
s 297.33 926.33 163.00
s 299.83 938.67 160.00
p 3
405.00 1026.10 127.00
417.70 1015.00 127.00
405.00 1026.10 127.00
scatter
s 305.50 1018.20 121.00
s 282.50 998.30 118.00
p 3
306.40 1018.50 120.00
308.60 1031.00 120.00
306.40 1018.50 120.00
scatter
s 295.75 843.88 136.00
s 274.88 856.50 133.00
p 3
304.00 861.75 118.00
286.88 834.25 118.00
304.00 861.75 118.00
scatter
s 465.60 908.60 116.00
s 439.40 919.60 119.00
p 3
470.60 965.80 110.00
484.40 941.80 110.00
470.60 965.80 110.00
p 3
434.50 1101.70 112.00
426.70 1087.60 112.00
434.50 1101.70 112.00
p 3
330.00 1028.00 95.00
341.33 1006.17 95.00
330.00 1028.00 95.00
scatter
s 362.60 995.30 89.00
s 342.50 1004.20 92.00
p 3
312.25 954.88 134.00
320.00 937.50 134.00
312.25 954.88 134.00
p 3
335.00 974.00 164.00
336.67 954.50 164.00
335.00 974.00 164.00
p 3
369.63 950.38 153.00
383.63 942.50 153.00
369.63 950.38 153.00
scatter
s 394.83 958.00 161.00
s 385.63 969.38 158.00
scatter
s 249.00 1236.00 152.00
s 232.20 1200.80 149.00
p 3
183.40 1226.00 156.00
202.00 1198.80 156.00
183.40 1226.00 156.00
scatter
s 221.83 1160.83 123.00
s 232.83 1186.33 126.00
p 3
671.00 961.50 105.00
639.50 952.50 105.00
671.00 961.50 105.00
scatter
s 746.25 979.00 126.00
s 745.50 968.00 122.00
scatter
s 576.75 870.75 145.00
s 573.25 854.50 143.00
p 3
577.38 841.25 141.00
567.75 854.25 141.00
577.38 841.25 141.00
scatter
s 588.50 855.50 153.00
s 587.88 871.38 155.00
scatter
s 606.63 842.63 126.00
s 598.00 830.67 127.00
scatter
s 614.60 913.60 100.00
s 596.88 878.25 99.00
p 3
607.60 890.60 99.00
621.00 881.20 99.00
607.60 890.60 99.00
scatter
s 762.50 861.50 107.00
s 771.40 843.50 105.00
scatter
s 763.38 858.13 108.00
s 773.63 862.13 110.00
scatter
s 772.75 841.63 106.00
s 785.00 851.13 109.00
scatter
s 702.30 938.40 110.00
s 690.60 929.50 107.00
scatter
s 702.50 939.75 109.00
s 694.63 950.38 108.00
p 3
762.75 990.13 102.00
751.00 983.00 102.00
762.75 990.13 102.00
scatter
s 760.00 957.88 146.00
s 753.63 981.50 145.00
scatter
s 544.60 1118.80 157.00
s 541.80 1105.60 155.00
scatter
s 548.60 1097.90 158.00
s 567.70 1114.90 160.00
scatter
s 518.20 1120.00 152.00
s 522.70 1100.50 150.00
p 3
568.25 1118.50 161.00
550.50 1126.00 161.00
568.25 1118.50 161.00
scatter
s 449.75 1227.75 142.00
s 433.13 1202.25 139.00
p 3
401.13 1204.25 122.00
410.00 1197.38 122.00
401.13 1204.25 122.00
p 3
400.25 1203.00 123.00
378.63 1187.50 123.00
400.25 1203.00 123.00
scatter
s 423.00 1229.13 115.00
s 416.13 1206.63 111.00
p 3
405.63 1181.13 155.00
424.00 1171.75 155.00
405.63 1181.13 155.00
p 3
426.88 1159.75 156.00
415.75 1151.88 156.00
426.88 1159.75 156.00
scatter
s 340.60 1069.50 134.00
s 365.33 1046.50 130.00
p 3
365.40 1088.70 137.00
375.90 1072.30 137.00
365.40 1088.70 137.00
p 3
351.67 1055.50 153.00
346.00 1077.67 153.00
351.67 1055.50 153.00
scatter
s 568.50 1018.50 153.00
s 582.90 982.40 154.00
p 3
530.50 901.33 120.00
524.17 929.50 120.00
530.50 901.33 120.00
scatter
s 565.33 902.33 103.00
s 548.50 883.50 104.00
scatter
s 641.33 871.17 82.00
s 663.83 898.83 80.00
p 3
626.00 881.67 81.00
636.17 865.17 81.00
626.00 881.67 81.00
p 3
730.83 892.00 94.00
726.00 868.67 94.00
730.83 892.00 94.00
p 3
891.67 822.67 94.00
893.17 791.00 94.00
891.67 822.67 94.00
p 3
899.33 824.00 85.00
891.33 796.50 85.00
899.33 824.00 85.00
scatter
s 962.83 754.50 123.00
s 961.50 791.33 121.00
p 3
943.00 808.00 121.00
961.67 794.67 121.00
943.00 808.00 121.00
p 3
999.67 809.33 94.00
996.67 762.50 94.00
999.67 809.33 94.00
scatter
s 1043.17 821.00 134.00
s 1062.00 775.50 137.00
p 3
1060.83 774.33 140.00
1043.83 751.33 140.00
1060.83 774.33 140.00
p 3
391.50 1113.75 148.00
395.00 1079.17 148.00
391.50 1113.75 148.00
p 3
231.63 1017.88 156.00
225.63 993.13 156.00
231.63 1017.88 156.00
scatter
s 215.83 1037.67 79.00
s 252.00 1000.50 82.00
scatter
s 182.33 1020.00 89.00
s 223.17 971.50 91.00
p 3
200.83 1048.67 119.00
197.17 1018.17 119.00
200.83 1048.67 119.00
p 3
396.13 914.38 96.00
384.00 932.63 97.00
396.13 914.38 96.00
p 3
432.50 892.63 90.00
431.75 869.75 90.00
432.50 892.63 90.00
p 3
623.63 882.63 81.00
619.38 859.88 81.00
623.63 882.63 81.00
p 3
591.75 870.88 91.00
601.88 860.13 91.00
591.75 870.88 91.00
p 3
626.25 745.75 113.00
621.50 731.63 113.00
626.25 745.75 113.00
scatter
s 1032.38 779.00 110.00
s 1021.25 817.63 107.00
scatter
s 1035.70 819.10 126.00
s 1039.00 785.00 128.00
p 3
1041.00 759.20 132.00
1047.10 798.20 132.00
1041.00 759.20 132.00
scatter
s 1040.90 750.30 143.00
s 1024.70 774.10 141.00
scatter
s 1021.40 778.30 139.00
s 1008.00 752.00 137.00
scatter
s 963.70 819.00 109.00
s 952.10 790.40 110.00
p 3
872.70 802.40 86.00
887.30 795.20 86.00
872.70 802.40 86.00
scatter
s 883.40 782.20 82.00
s 873.50 796.80 85.00
p 3
420.67 1045.83 120.00
414.67 1028.00 120.00
420.67 1045.83 120.00
p 3
420.33 1045.50 119.00
439.00 1059.67 119.00
420.33 1045.50 119.00
p 3
325.83 950.50 109.00
326.67 911.17 109.00
325.83 950.50 109.00
p 3
400.00 835.00 133.00
401.38 811.75 133.00
400.00 835.00 133.00
scatter
s 291.88 847.13 97.00
s 290.63 823.38 94.00
p 3
290.75 822.50 93.00
302.38 826.50 93.00
290.75 822.50 93.00
p 3
286.25 862.88 111.00
273.63 831.00 111.00
286.25 862.88 111.00
p 3
445.63 935.63 150.00
435.60 922.50 150.00
445.63 935.63 150.00
p 3
449.88 935.25 150.00
450.88 919.00 150.00
449.88 935.25 150.00
scatter
s 271.25 906.25 81.00
s 270.63 927.50 84.00
p 3
422.13 899.63 120.00
424.75 915.25 120.00
422.13 899.63 120.00
p 3
397.00 914.50 99.00
388.75 893.00 99.00
397.00 914.50 99.00
p 3
360.00 901.63 105.00
349.75 886.75 105.00
360.00 901.63 105.00
p 3
299.63 917.50 86.00
317.75 908.25 86.00
299.63 917.50 86.00
scatter
s 337.13 897.75 80.00
s 318.63 908.25 83.00
p 3
226.25 986.25 148.00
230.00 1007.00 148.00
226.25 986.25 148.00
p 3
487.63 842.88 106.00
468.75 805.38 106.00
487.63 842.88 106.00
p 3
482.00 842.63 96.00
479.00 809.83 96.00
482.00 842.63 96.00
p 3
659.13 780.63 157.00
638.50 767.13 157.00
659.13 780.63 157.00
scatter
s 609.50 887.00 156.00
s 604.50 854.88 154.00
p 3
553.63 880.13 139.00
548.75 860.63 139.00
553.63 880.13 139.00
p 3
833.00 1056.50 115.00
872.88 1044.63 115.00
833.00 1056.50 115.00
p 3
823.00 1025.25 112.00
828.38 1051.38 112.00
823.00 1025.25 112.00
p 3
756.13 1019.00 123.00
763.63 1000.50 123.00
756.13 1019.00 123.00
p 3
734.63 974.38 97.00
749.75 954.13 97.00
734.63 974.38 97.00
p 3
761.63 951.13 91.00
759.13 966.63 91.00
761.63 951.13 91.00
p 3
685.63 987.63 99.00
701.00 973.00 99.00
685.63 987.63 99.00
p 3
799.20 1161.20 147.00
824.40 1150.20 147.00
799.20 1161.20 147.00
p 3
671.63 985.75 106.00
671.25 962.13 106.00
671.63 985.75 106.00
p 3
705.75 991.75 114.00
718.88 982.00 114.00
705.75 991.75 114.00
p 3
710.00 1034.38 157.00
701.75 1004.88 157.00
710.00 1034.38 157.00
scatter
s 730.25 1055.38 155.00
s 738.63 1037.00 154.00
scatter
s 726.50 1043.38 149.00
s 740.38 1029.88 147.00
p 3
786.88 1147.00 100.00
770.50 1139.63 100.00
786.88 1147.00 100.00
p 3
806.63 1170.50 158.00
840.00 1151.75 158.00
806.63 1170.50 158.00
p 3
825.88 1149.00 147.00
839.00 1171.75 147.00
825.88 1149.00 147.00
p 3
795.63 1152.38 148.00
813.38 1133.13 148.00
795.63 1152.38 148.00
p 3
916.67 1032.17 80.00
924.67 1003.33 80.00
916.67 1032.17 80.00
p 3
762.17 959.17 146.00
782.33 946.50 146.00
762.17 959.17 146.00
p 3
800.00 958.17 149.00
779.83 944.67 149.00
800.00 958.17 149.00
p 3
704.50 912.00 96.00
728.50 921.83 96.00
704.50 912.00 96.00
p 3
742.50 961.33 122.00
738.67 942.33 122.00
742.50 961.33 122.00
p 3
711.83 948.17 138.00
753.67 962.83 138.00
711.83 948.17 138.00
p 3
681.83 1010.50 135.00
700.00 969.33 135.00
681.83 1010.50 135.00
p 3
684.50 1016.00 136.00
721.50 1006.67 136.00
684.50 1016.00 136.00
p 3
866.00 844.00 149.00
827.67 829.17 149.00
866.00 844.00 149.00
p 3
821.83 859.17 148.00
828.83 832.50 148.00
821.83 859.17 148.00
scatter
s 888.83 885.17 155.00
s 922.17 844.50 157.00
p 3
997.83 868.17 120.00
987.67 850.00 120.00
997.83 868.17 120.00
p 3
968.00 877.33 117.00
951.50 859.17 117.00
968.00 877.33 117.00
p 3
759.50 960.50 146.00
754.13 948.00 146.00
759.50 960.50 146.00
scatter
s 926.13 757.38 96.00
s 936.38 768.00 94.00
scatter
s 954.88 755.00 96.00
s 940.75 767.75 95.00
p 3
937.75 766.50 92.00
942.25 746.63 92.00
937.75 766.50 92.00
p 3
963.75 821.63 84.00
951.38 782.50 84.00
963.75 821.63 84.00
p 3
936.13 776.13 84.00
951.00 783.00 84.00
936.13 776.13 84.00
scatter
s 912.38 754.13 152.00
s 887.88 729.25 155.00
p 3
853.75 756.38 126.00
863.00 742.25 126.00
853.75 756.38 126.00
scatter
s 907.25 948.88 128.00
s 886.88 920.88 127.00
p 3
905.63 945.38 144.00
945.50 902.63 144.00
905.63 945.38 144.00
p 3
888.75 944.25 138.00
874.50 933.25 138.00
888.75 944.25 138.00
p 3
872.88 933.25 138.00
873.75 907.50 138.00
872.88 933.25 138.00
p 3
849.63 925.50 140.00
869.63 924.13 140.00
849.63 925.50 140.00
p 3
886.38 919.25 128.00
834.88 943.00 128.00
886.38 919.25 128.00
scatter
s 827.25 956.13 125.00
s 831.63 970.75 124.00
p 3
782.75 1070.50 150.00
794.88 1054.00 150.00
782.75 1070.50 150.00
p 3
769.06 1049.31 121.00
783.00 1060.25 121.00
769.06 1049.31 121.00
p 3
829.75 942.38 131.00
818.25 929.88 131.00
829.75 942.38 131.00
p 3
845.88 926.63 136.00
845.25 901.13 136.00
845.88 926.63 136.00
p 3
810.00 943.88 127.00
824.38 950.13 127.00
810.00 943.88 127.00
p 3
805.00 973.88 142.00
798.38 950.75 142.00
805.00 973.88 142.00
scatter
s 763.25 981.88 140.00
s 760.63 969.25 142.00
scatter
s 753.00 1041.63 132.00
s 761.88 1057.25 134.00
p 3
779.67 1089.25 103.00
792.75 1098.08 103.00
779.67 1089.25 103.00
p 3
937.33 1115.00 92.00
925.75 1108.58 92.00
937.33 1115.00 92.00
p 3
990.75 1102.42 107.00
988.67 1071.50 107.00
990.75 1102.42 107.00
p 3
953.92 1104.08 90.00
942.08 1094.25 90.00
953.92 1104.08 90.00
p 3
908.58 1168.42 91.00
932.75 1136.17 91.00
908.58 1168.42 91.00
p 3
897.58 1169.83 84.00
915.00 1144.67 84.00
897.58 1169.83 84.00
p 3
838.42 1206.25 83.00
829.83 1194.17 83.00
838.42 1206.25 83.00
p 3
806.17 1252.67 73.00
824.33 1248.75 73.00
806.17 1252.67 73.00
p 3
630.60 1190.80 110.00
625.60 1163.40 110.00
630.60 1190.80 110.00
p 3
586.40 1151.30 100.00
612.10 1141.70 100.00
586.40 1151.30 100.00
scatter
s 599.40 1127.80 104.00
s 578.60 1142.20 101.00
scatter
s 616.00 1025.50 123.00
s 593.25 1042.63 126.00
p 3
644.38 1086.38 133.00
635.13 1105.88 133.00
644.38 1086.38 133.00
p 3
665.13 1101.25 132.00
654.88 1086.88 132.00
665.13 1101.25 132.00
p 3
648.38 1097.25 100.00
638.13 1078.00 100.00
648.38 1097.25 100.00
p 3
750.50 1067.75 97.00
745.13 1086.13 97.00
750.50 1067.75 97.00
p 3
844.13 1064.50 98.00
820.63 1083.50 98.00
844.13 1064.50 98.00
p 3
817.13 1049.63 100.00
845.13 1063.13 100.00
817.13 1049.63 100.00
p 3
673.88 1040.00 137.00
685.75 1020.63 137.00
673.88 1040.00 137.00
p 3
668.88 1032.75 137.00
680.63 1019.00 137.00
668.88 1032.75 137.00
p 3
660.00 1025.00 138.00
681.63 1005.50 138.00
660.00 1025.00 138.00
p 3
676.80 1038.40 111.00
696.10 1030.20 111.00
676.80 1038.40 111.00
p 3
692.50 1031.70 101.00
688.60 1014.60 101.00
692.50 1031.70 101.00
p 3
665.80 1031.90 100.00
670.00 1012.40 100.00
665.80 1031.90 100.00
p 3
651.20 1029.80 112.00
662.50 1015.80 112.00
651.20 1029.80 112.00
scatter
s 645.00 1009.20 117.00
s 636.10 1026.30 119.00
p 3
628.50 1004.50 125.00
607.50 989.40 125.00
628.50 1004.50 125.00
scatter
s 613.00 1014.40 123.00
s 606.70 997.10 127.00
p 3
616.60 1014.80 124.00
626.70 1004.10 124.00
616.60 1014.80 124.00
scatter
s 594.30 989.50 140.00
s 575.80 1016.20 143.00
p 3
419.50 1046.40 120.00
399.30 1052.00 120.00
419.50 1046.40 120.00
p 3
482.90 852.90 91.00
490.00 838.60 91.00
482.90 852.90 91.00
scatter
s 503.00 832.50 98.00
s 491.80 820.30 94.00
p 3
489.90 838.20 91.00
487.30 821.60 91.00
489.90 838.20 91.00
p 3
408.50 882.40 87.00
416.50 861.30 87.00
408.50 882.40 87.00
p 3
544.50 798.38 155.00
572.25 793.63 155.00
544.50 798.38 155.00
p 3
431.30 918.30 164.00
449.38 909.75 164.00
431.30 918.30 164.00
p 3
315.00 965.25 96.00
312.75 939.50 96.00
315.00 965.25 96.00
p 3
296.63 960.25 97.00
302.50 941.80 97.00
296.63 960.25 97.00
p 3
301.63 940.50 96.00
292.88 921.00 96.00
301.63 940.50 96.00
scatter
s 331.75 895.00 94.00
s 304.25 942.00 96.00
p 3
273.13 898.25 89.00
271.75 870.75 89.00
273.13 898.25 89.00
p 3
257.38 899.75 92.00
254.63 871.50 92.00
257.38 899.75 92.00
p 3
446.25 859.38 100.00
427.75 823.25 100.00
446.25 859.38 100.00
p 3
430.75 864.25 104.00
419.63 837.75 104.00
430.75 864.25 104.00
scatter
s 449.13 878.63 97.00
s 458.13 897.50 98.00
p 3
527.88 789.50 123.00
545.63 782.00 123.00
527.88 789.50 123.00
p 3
546.50 828.75 88.00
562.88 810.88 88.00
546.50 828.75 88.00
p 3
595.63 802.00 92.00
577.13 814.00 92.00
595.63 802.00 92.00
p 3
563.33 808.00 86.00
579.63 796.25 86.00
563.33 808.00 86.00
p 3
577.33 813.67 92.00
579.83 829.83 92.00
577.33 813.67 92.00
p 3
655.00 825.83 91.00
645.83 794.50 91.00
655.00 825.83 91.00
p 3
655.67 829.50 83.00
651.83 802.33 83.00
655.67 829.50 83.00
p 3
651.17 806.33 86.00
639.00 793.67 86.00
651.17 806.33 86.00
p 3
620.00 791.17 162.00
637.17 767.33 162.00
620.00 791.17 162.00
p 3
625.67 808.50 161.00
618.83 791.50 161.00
625.67 808.50 161.00
scatter
s 617.67 791.67 159.00
s 615.17 766.00 155.00
p 3
655.50 783.17 78.00
662.17 765.00 78.00
655.50 783.17 78.00
p 3
639.00 761.67 82.00
641.50 784.17 82.00
639.00 761.67 82.00
p 3
603.50 809.00 91.00
589.90 783.70 91.00
603.50 809.00 91.00
p 3
667.50 788.00 81.00
690.83 774.50 81.00
667.50 788.00 81.00
p 3
696.83 775.83 127.00
694.33 745.50 127.00
696.83 775.83 127.00
p 3
669.70 769.90 129.00
694.50 762.00 129.00
669.70 769.90 129.00
p 3
627.90 802.70 133.00
657.50 768.10 133.00
627.90 802.70 133.00
p 3
637.20 747.90 131.00
653.00 754.60 131.00
637.20 747.90 131.00
p 3
625.50 781.20 86.00
637.50 767.00 86.00
625.50 781.20 86.00
p 3
601.60 802.30 158.00
617.60 792.60 158.00
601.60 802.30 158.00
p 3
533.90 807.30 137.00
522.50 786.70 137.00
533.90 807.30 137.00
p 3
487.50 820.10 131.00
504.60 800.30 131.00
487.50 820.10 131.00
p 3
430.75 884.50 140.00
437.00 865.00 140.00
430.75 884.50 140.00
p 3
308.30 979.20 109.00
325.00 951.33 109.00
308.30 979.20 109.00
p 3
194.60 843.50 139.00
242.40 818.80 139.00
194.60 843.50 139.00
p 3
214.40 856.80 142.00
214.70 840.30 142.00
214.40 856.80 142.00
p 3
200.80 864.40 138.00
240.40 843.30 138.00
200.80 864.40 138.00
p 3
275.10 867.70 136.00
301.50 860.10 136.00
275.10 867.70 136.00
scatter
s 321.50 884.00 75.00
s 337.50 895.50 78.00
p 3
383.20 1040.00 92.00
401.70 1015.30 92.00
383.20 1040.00 92.00
p 3
398.25 1042.75 92.00
414.13 1023.38 92.00
398.25 1042.75 92.00
p 3
406.13 1044.13 90.00
418.63 1032.75 90.00
406.13 1044.13 90.00
p 3
345.00 1058.38 90.00
329.75 1045.00 90.00
345.00 1058.38 90.00
p 3
263.13 1074.50 100.00
287.00 1045.88 100.00
263.13 1074.50 100.00
p 3
311.75 1083.88 118.00
289.25 1092.38 118.00
311.75 1083.88 118.00
p 3
155.40 1202.80 134.00
141.60 1190.40 134.00
155.40 1202.80 134.00
p 3
314.75 1164.88 144.00
309.75 1148.00 144.00
314.75 1164.88 144.00
p 3
377.00 1142.25 167.00
434.38 1113.50 167.00
377.00 1142.25 167.00
p 3
387.50 1121.88 166.00
381.00 1100.75 166.00
387.50 1121.88 166.00
scatter
s 381.63 1100.13 166.00
s 363.50 1091.00 160.00
p 3
390.25 1115.00 151.00
369.25 1096.00 151.00
390.25 1115.00 151.00
p 3
394.25 1180.00 137.00
393.80 1164.20 137.00
394.25 1180.00 137.00
p 3
510.50 1227.88 147.00
561.25 1206.50 147.00
510.50 1227.88 147.00
p 3
528.63 1216.63 150.00
532.50 1195.63 150.00
528.63 1216.63 150.00
scatter
s 527.75 1213.13 118.00
s 515.38 1188.25 122.00
p 3
535.75 1190.50 163.00
547.38 1169.75 163.00
535.75 1190.50 163.00
scatter
s 611.63 1179.38 152.00
s 627.50 1193.75 154.00
scatter
s 595.38 1199.25 153.00
s 616.63 1210.50 158.00
p 3
636.38 1102.63 164.00
627.00 1119.88 164.00
636.38 1102.63 164.00
p 3
603.63 1109.25 162.00
621.63 1084.13 162.00
603.63 1109.25 162.00
scatter
s 636.13 1101.75 163.00
s 622.25 1081.38 165.00
p 3
646.00 1137.38 124.00
659.50 1104.13 124.00
646.00 1137.38 124.00
p 3
568.25 1280.38 143.00
537.75 1251.25 143.00
568.25 1280.38 143.00
scatter
s 371.75 1126.63 120.00
s 356.63 1110.63 117.00
p 3
450.00 1169.38 123.00
454.63 1144.38 123.00
450.00 1169.38 123.00
p 3
348.25 1135.75 148.00
347.75 1110.25 148.00
348.25 1135.75 148.00
p 3
451.20 1097.20 116.00
431.75 1082.63 116.00
451.20 1097.20 116.00
p 3
356.38 1109.38 81.00
366.88 1084.75 81.00
356.38 1109.38 81.00
p 3
351.50 1107.33 89.00
365.17 1087.17 89.00
351.50 1107.33 89.00
p 3
321.67 1077.33 83.00
352.50 1087.67 83.00
321.67 1077.33 83.00
p 3
187.83 1181.33 126.00
221.33 1195.83 126.00
187.83 1181.33 126.00
p 3
267.17 1170.00 105.00
243.17 1149.50 105.00
267.17 1170.00 105.00
p 3
309.33 1157.33 117.00
298.50 1137.33 117.00
309.33 1157.33 117.00
p 3
224.83 1148.67 131.00
227.67 1127.17 131.00
224.83 1148.67 131.00
p 3
99.33 1020.00 94.00
109.50 978.50 94.00
99.33 1020.00 94.00
scatter
s 102.50 960.00 113.00
s 101.83 980.83 109.00
p 3
336.17 961.17 136.00
331.83 984.50 136.00
336.17 961.17 136.00
p 3
459.33 886.17 109.00
465.33 906.00 109.00
459.33 886.17 109.00
p 3
476.67 898.17 121.00
459.67 882.17 121.00
476.67 898.17 121.00
scatter
s 856.20 1119.40 141.00
s 824.00 1131.80 146.00
p 3
1000.50 1091.67 97.00
986.67 1072.83 97.00
1000.50 1091.67 97.00
p 3
714.33 1197.67 163.00
729.33 1178.83 163.00
714.33 1197.67 163.00
p 3
368.50 1078.33 155.00
368.00 1052.17 155.00
368.50 1078.33 155.00
p 3
340.83 1070.33 132.00
371.33 1041.33 132.00
340.83 1070.33 132.00
p 3
283.67 1059.83 135.00
321.67 1040.33 135.00
283.67 1059.83 135.00
p 3
232.67 1037.17 110.00
266.83 1061.33 110.00
232.67 1037.17 110.00
scatter
s 232.50 1037.00 111.00
s 232.67 1020.67 113.00
p 3
214.50 1038.00 110.00
230.50 1019.00 110.00
214.50 1038.00 110.00
p 3
166.75 1030.75 164.00
194.25 1045.75 164.00
166.75 1030.75 164.00
scatter
s 402.83 980.83 117.00
s 381.83 970.50 114.00
p 3
842.20 1211.20 120.00
865.20 1213.00 120.00
842.20 1211.20 120.00
p 3
870.00 1207.40 123.00
865.20 1192.00 123.00
870.00 1207.40 123.00
p 3
808.20 1240.40 119.00
824.60 1230.40 119.00
808.20 1240.40 119.00
p 3
845.80 1230.00 106.00
872.60 1212.20 106.00
845.80 1230.00 106.00
p 3
893.00 1224.40 122.00
919.60 1224.60 122.00
893.00 1224.40 122.00
p 3
845.80 1210.60 122.00
850.40 1191.80 122.00
845.80 1210.60 122.00
scatter
s 800.40 1165.80 116.00
s 778.80 1189.40 124.00
p 3
621.60 1219.00 143.00
594.40 1204.80 143.00
621.60 1219.00 143.00
p 3
582.40 1154.40 107.00
599.60 1170.00 107.00
582.40 1154.40 107.00
p 3
659.60 1178.80 113.00
645.20 1161.00 113.00
659.60 1178.80 113.00
p 3
656.60 1278.20 137.00
672.00 1262.00 137.00
656.60 1278.20 137.00
p 3
255.60 957.20 138.00
261.00 905.60 138.00
255.60 957.20 138.00
p 3
452.60 954.00 88.00
433.60 937.80 88.00
452.60 954.00 88.00
scatter
s 537.60 837.40 114.00
s 522.40 806.40 117.00
scatter
s 592.20 908.20 95.00
s 584.40 893.40 91.00
scatter
s 449.60 1066.40 106.00
s 444.20 1036.20 101.00
scatter
s 543.00 1145.60 142.00
s 515.40 1153.80 141.00
scatter
s 497.20 1153.40 117.00
s 488.40 1133.40 115.00
scatter
s 399.20 1126.60 128.00
s 387.00 1098.20 122.00
p 3
407.80 1128.00 106.00
390.00 1108.40 106.00
407.80 1128.00 106.00
p 3
328.00 1082.80 115.00
372.60 1037.80 115.00
328.00 1082.80 115.00
p 3
326.00 1134.60 114.00
320.40 1115.80 114.00
326.00 1134.60 114.00
p 3
311.60 1157.60 118.00
331.60 1150.00 118.00
311.60 1157.60 118.00
p 3
406.20 1235.40 124.00
401.00 1202.80 124.00
406.20 1235.40 124.00
p 3
311.60 1257.60 137.00
293.00 1239.40 137.00
311.60 1257.60 137.00
p 3
201.50 1141.50 163.00
182.25 1121.50 163.00
201.50 1141.50 163.00
scatter
s 642.00 907.40 103.00
s 619.80 882.00 100.00
p 3
624.00 982.00 108.00
638.25 952.75 108.00
624.00 982.00 108.00
p 3
367.20 1123.80 166.00
355.20 1107.40 166.00
367.20 1123.80 166.00
p 3
355.40 1133.60 163.00
349.00 1115.80 163.00
355.40 1133.60 163.00
p 3
270.40 1137.20 161.00
272.00 1114.20 161.00
270.40 1137.20 161.00
p 3
196.00 1228.20 148.00
208.60 1201.80 148.00
196.00 1228.20 148.00
p 3
414.00 1216.25 147.00
458.75 1229.25 147.00
414.00 1216.25 147.00
scatter
s 390.50 1112.00 144.00
s 383.50 1097.75 139.00
p 3
391.00 1135.25 144.00
390.00 1112.75 144.00
391.00 1135.25 144.00
p 3
372.25 1158.50 144.00
383.00 1160.00 144.00
372.25 1158.50 144.00
p 3
158.00 1144.50 157.00
183.75 1161.75 157.00
158.00 1144.50 157.00
p 3
188.25 1122.25 120.00
203.00 1114.00 120.00
188.25 1122.25 120.00
p 3
367.75 1143.50 145.00
381.25 1149.25 145.00
367.75 1143.50 145.00
p 3
368.50 1098.75 139.00
383.25 1098.00 139.00
368.50 1098.75 139.00
p 3
181.00 1206.00 94.00
205.00 1216.50 94.00
181.00 1206.00 94.00
p 3
325.50 1171.00 148.00
339.00 1157.25 148.00
325.50 1171.00 148.00
p 3
437.50 938.50 99.00
452.50 926.00 99.00
437.50 938.50 99.00
p 3
349.25 885.50 91.00
373.00 898.25 91.00
349.25 885.50 91.00
p 3
411.25 878.00 139.00
411.25 863.75 139.00
411.25 878.00 139.00
p 3
371.25 896.50 92.00
371.00 860.75 92.00
371.25 896.50 92.00
p 3
341.50 870.25 85.00
372.75 848.25 85.00
341.50 870.25 85.00
scatter
s 402.25 870.00 96.00
s 406.00 848.25 101.00
scatter
s 429.00 895.67 92.00
s 409.00 892.00 89.00
p 3
812.67 1315.33 73.00
825.00 1328.33 73.00
812.67 1315.33 73.00
